[]
3

2 3
3 0

[3.14159, 2.71828, 0.693147]
0

1
9
9
16

1 9

1
0
0
1
[1, 2, 3, 4, 5, 6, 7, 8, 9, 10]

[10, 9, 8, 7, 6, 5, 4, 3, 2, 1]
[10, 9, 8, 7, 6, 5, 4, 3, 2, 1, 0, 0]
[10, 9, 8, 7, 6, 5, 4, 3, 2, 1, 0]
[9, 8, 7, 6, 5, 4, 3, 2, 1, 0]
[9, 8, 7, 6, 5, 4, 3, 2]
[]
[1, 2, 3, 4, 5, 6, 7, 8, 9]

[1, 2, 3, 4, 5, 6]

[3, 2, 0, 0]
[3, 3, 3, 3, 2, 0, 0]
[3, 3, 2, 0, 4, 2, 5, 4, 3, 3, 2, 0, 0]
[3, 3, 2, 0, 4, 2, 5, 4, 3, 3, 2, 0, 0, 1145]
[3, 3, 2, 4, 2, 5, 4, 3, 3, 2, 0, 0, 1145]
[3, 3, 4, 3, 3, 2, 4, 3, 3]
[6, 3, 3, 4, 3, 3, 2, 4, 3, 3, 3, 9]
[9, 3, 3, 3, 4, 2, 3, 3, 4, 3, 3, 6]
